
Y1_G1 1 2 3 4 5 52 53 54 55 56 0
Y1_G2 1 2 3 4 5 52 53 54 55 56 0
Y1_G3 1 2 3 4 5 52 53 54 55 56 0
Y1_G4 1 2 3 4 5 52 53 54 55 56 0
Y1_G5 1 2 3 4 5 52 53 54 55 56 0
Y2_C_G1 7 20 21 22 23 58 71 72 73 74 0
Y2_C_G2 7 20 21 22 23 58 71 72 73 74 0
Y2_Ch_G1 7 9 41 42 43 58 60 92 93 94 0
Y2_Ch_G2 7 9 41 42 43 58 60 92 93 94 0
Y2_E_G1 6 7 30 31 32 57 58 81 82 83 0
Y2_E_G2 6 7 30 31 32 57 58 81 82 83 0
Y2_M_G1 6 7 8 9 10 57 58 59 60 61 0
Y2_M_G2 6 7 8 9 10 57 58 59 60 61 0
Y3_C_G1 14 24 25 26 27 65 75 76 77 78 0
Y3_C_G2 14 24 25 26 27 65 75 76 77 78 0
Y3_Ch_G1 14 44 45 46 47 65 95 96 97 98 0
Y3_Ch_G2 14 44 45 46 47 65 95 96 97 98 0
Y3_E_G1 14 33 34 35 36 65 84 85 86 87 0 
Y3_E_G2 14 33 34 35 36 65 84 85 86 87 0 
Y3_M_G1 11 12 13 14 15 62 63 64 65 66 0
Y3_M_G2 11 12 13 14 15 62 63 64 65 66 0
Y4_C_G1 14 26 27 28 29 65 77 78 79 80 0
Y4_C_G2 14 26 27 28 29 65 77 78 79 80 0
Y4_Ch_G1 14 48 49 50 51 65 99 100 101 102 0
Y4_Ch_G2 14 48 49 50 51 65 99 100 101 102 0
Y4_E_G1 14 37 38 39 40 65 88 89 90 91 92 0
Y4_E_G2 14 37 38 39 40 65 88 89 90 91 92 0
Y4_M_G1 14 16 17 18 19 65 67 68 69 70 0 
Y4_M_G2 14 16 17 18 19 65 67 68 69 70 0 